346.11
126.96
350.16
133.8
354.23
122.47
353.06
196.99
184.04
223.03
151.46
99.5
167.15
318.59
174.81
334.33
324.54
232.67
321.32
307.45
272.53
108.68
173.6
166.98
329.38
196.36
190.8
185.61
164.8
308.89
237.46
252.49
245.72
172.06
183.38
191.35
269.09
115.79
305.54
262.59
113.54
191.59
194.76
245.79
94.15
113.48
339.17
168.12
247.63
219.26
310.76
274.49
150.65
318.65
269.18
281.16
329.49
238.99
103.87
326.27
102.29
191.51
202.32
165.23
326.78
254.82
230.26
317.66
341.39
336.77
216.95
236.32
105.26
347.78
188.22
295.12
121.59
269.15
257.77
167.82
195.16
184.23
182.39
127.53
241.36
330.53
164.5
208.85
165.18
205.74
186.48
216.39
291.53
159.77
249.14
246.52
284.39
208.02
256.6
254.92
919.1
1579.78
970.82
1666
1266.44
756.96
1377.4
1440
918.98
1356.04
859.84
1566.55
1402.93
1481.87
1443.43
1494.67
904.21
851.11
1260.22
877.47
1615.42
1550.06
1005.75
1227.21
892.16
1591
860.8
911.58
737.48
868.88
1475.28
1105.72
1113.9
921.29
1364.94
817.29
1119.39
1352.64
1481.77
996.94
883.4
1116
1192.49
833.37
1119.72
1352.89
1661.74
1543.8
958.92
1453.77
935.3
1512.81
1170.76
1416.34
1293.4
1041.18
1257.68
1213.08
812.79
847.02
1268.8
659.69
1185.77
1022.09
1487.27
1333.09
823.44
847.32
1607.94
475.21
769.39
1015.82
975.33
1162.3
1265.05
1340.38
1516.65
891.08
752.69
887.24
1464.13
1261.55
1075.14
1631.55
1140.75
1032.1
925.76
961.8
988.86
1416.68
1628.53
1259.35
1058.52
708.71
621.6
1200.4
1094.59
683.99
707.61
1034.92
1984.78
1650.44
1667.92
1174.2
1492.49
1963.07
1322.78
1075.87
1186.25
1705.95
1561.64
1434.16
1509.3
1263.24
1897.9
1759.26
1764.13
1328.46
1560.63
1548.87
1131.81
1512.63
2115.9
1918.73
1691.58
1310.35
1382.56
1859.67
1182.89
1895.84
782.54
1544.19
1238.98
1710.35
1099.1
1925.58
1245.42
1628.8
1597.64
1523.54
1294.67
1462.29
940.13
1565.93
1770.57
1731.21
1694.97
2065.25
1728.03
1780.82
1380.65
1291.09
1701.05
1659.03
2007.92
1217.39
1529.95
1000.91
1575.47
1349.91
1678.64
1796.05
1886.54
1364.07
1732.17
1920.55
1734.43
1301.91
1567.9
1933.49
1646.23
1835.43
1484.05
1136.27
975.08
1139.13
1927.17
1359.2
1508.11
1123.72
1870.52
1219.59
1517.36
2008.03
1649.25
1692.73
1964.84
1202.17
1899.69
1205.46
1723.96
1758.54
1848.46
2051.6
1230.77
1569.58
1203.88
2141.83
1757.44
1870.89
1285.44
971.32
1227.42
902.77
1202.17
883.57
919.74
1291.1
1229.16
1396.09
1030.57
1137.84
1070.85
1091.51
1076.32
869.24
1137.92
743.52
1022.45
960.88
1314.25
892.27
850.1
1259.73
1327.55
1041.83
1301.51
1419.19
1003.74
991.36
586.14
684.04
763.83
1526.44
1197.56
838.26
814.44
636.08
1086.74
1170.73
667.82
882.57
1177.73
1275.08
912.55
1020.12
1221.61
637.29
952.16
1217.91
1469.12
1060.33
770.7
1213.42
742.55
763.86
1208.8
1282.12
699.1
726.97
797.52
1016.52
1541.44
1241.01
612.34
1579.83
1416.26
925.79
735.77
1058.41
1053.72
994.1
1290.24
1178.45
1234.98
1083.19
1232.89
719.14
823.32
1221.34
814.42
1117.35
1212.03
681.93
1187.82
894.54
1520.42
549.66
918.06
1327.01
781.77
1098.72
841.74
1195.47
1521.67
1107.12
1235.23
938.76
1108.96
1441.84
1154.25
773.47
1082.9
1233.41
888.99
663.15
1092.8
957.02
565.9
1308.51
784.5
1044.43
934.36
934.04
949.47
678.9
1377.98
559.94
1354.63
496.01
1154.4
655.65
834.66
905.08
844.85
898.51
1278.74
883.19
472.86
1393.56
512.09
816.38
1156.3
1040.25
736.22
1525.27
806.56
945.83
827.94
983.21
1024.36
1088.63
704.17
759.95
629.55
1241.18
575.09
1048.53
1333.8
716.92
466.25
476.14
559.8
786.3
1069.26
750.41
939.24
870.14
618.73
760.32
974.41
945.13
882.63
836.66
1218.03
680.63
1012.66
1046.28
1095.81
487.44
777
920.71
1079.32
975.09
855.22
1030
1023.46
1162.19
1054.18
598.84
726.21
814.18
476
528.16
968.24
795.27
1213.24
943.22
765.15
1220.79
631.41
578.04
651.68
889
622.22
498
1011.86
874.91
992.65
898.83
966.7
926.81
722.08
422.32
982.57
417
1021.45
698.74
925.25
636.28
882.77
737.04
730.62
592.15
458.97
890.11
813.06
1168.14
897.02
636.36
1074.42
955.17
1139.25
594.35
714.51
589.87
692.57
807.4
1059.08
549.37
743.19
963.46
840.21
761.08
504.04
811.42
1203.94
524.6
1071.05
689.25
860.98
968.53
836.11
364.09
627.58
579.71
1096.38
1114.64
597.74
1001.3
1285.02
1014.81
1145.63
1328.85
1150.88
611.67
852.75
862.19
1119.85
1188.19
967.1
1354.24
1068.46
798.72
1236.21
841.48
835.14
729.96
1040.29
1283.23
774.79
663.63
914.31
1424.5
1122.38
846.99
1369.79
848.59
1253.98
683.42
788.58
1021.41
751.33
674.47
937.09
1323.03
1282.19
1113.47
1050.78
1240.7
1451.42
1085.99
1182.87
1490.25
889.07
1232.51
1368.37
1216.2
925.94
1211.87
1350.64
828.31
1471.5
1318.48
707.56
1213.42
895.24
639.03
884.47
1340.71
976.2
1177.78
1088.38
1397.75
1221.53
935.9
1033.33
1266.73
1278.05
756.97
1421.45
566.41
1303.39
626.92
1010.72
1257.95
1309.71
797.71
1412.28
976.62
945.07
810.41
895.32
1278.34
1028.19
783.87
1392.89
1337.91
865.32
1429.11
617.78
1078.15
821.17
1087.2
1135.39
1083.62
735.96
1204.19
1423.28
818.59
1592.96
1648.97
1831.5
1634.85
1798.25
1974.02
1744.45
1904.19
1620.53
1861.08
1881.09
1836.24
1818.4
1904.25
1932.66
1874.34
1869.97
1751.11
1815.19
1918.73
1864.5
1793.32
1582.03
1840.92
1717.39
1835.94
1642.88
1726.88
1693.52
1748.44
1906.02
1718.8
1852.24
1892.97
1669.3
1907.65
1704.72
1901.49
2016.13
1697.43
1712.53
1884.28
1873.82
1681.77
1759.79
1972.08
1789.94
1906.74
1900.18
1792.22
1733.62
1902.56
1611.03
1805.59
1929.18
1905.29
1834.83
1646.34
1706.47
1587.02
1830.68
1805.77
1810.41
1872.55
1848.36
1940.54
1889.46
1773.1
1997.08
1709.54
1832.16
1654.68
1802.88
1896.52
1935.85
1748.75
1731.31
1699.97
1910.97
1700.03
1918.79
1530.45
1765.21
2001.32
1580.38
1597.12
1938.72
1571.03
1675.63
1676.79
1732.83
1770.76
1876.84
1816.5
1793.74
1809.19
1961.44
1599.8
1639.64
1882.91
1356.93
1151.21
1001.6
2053.04
1389.66
787.12
1269.4
1342.41
709.81
1441.64
2018.61
1535.24
1821.15
1857.81
1525.94
2068.51
1811.6
1814.58
2061.18
1647.22
1341.81
2054.44
1761.76
1988.62
1584.99
1363.6
1536.22
975.6
2004.62
1433.22
1952.48
1533.39
1773.59
945.59
1400.64
2085.36
746.68
2007.71
1570.45
422.1
1965.33
1692.6
1293.55
729.53
1301.32
1861.57
2224.11
784.14
1791.15
1497.71
1683.94
1261.57
1445.75
1976.17
1654.34
1193.67
1393.61
1866.35
1254.22
2290.31
1369.82
1200.31
614.34
198.33
1384.09
1171.42
1319.23
2147.16
1364.61
957.66
1587.69
1360.78
1240.63
493.14
1474.38
1529.25
1432.91
1644.25
765.09
1518.54
1309.85
1142.59
1441.24
1589.98
611.76
1682.92
1304.93
1686.65
1074.63
1985.58
1909.32
998.73
1480.43
1339.18
1413.76
1824.84
2005.97
1191.89
864.42
1188.5
1602.89
1825.54
1798.52
2056.1
1959.61
1904.78
1887.5
1751.31
1328.06
1812.49
1478.55
1043.77
1110.25
1293.44
1491.27
1397.98
1599.19
1366.2
1443.22
1678.98
1024.68
1593.9
1594.47
1186.56
1090.6
1882.02
1174.96
1624.15
1478.59
1919.2
621.74
1366.83
1335.36
954.82
706.64
1413.53
1106.26
1106.8
1921.1
1127.65
844.22
1305.19
813.63
1911.46
1098.03
2078.53
1998.08
1195.6
890.75
1711.43
1592.9
1567.62
1849.88
1895.63
1378.87
736.6
1562
783.42
1248.06
1809.59
2042.59
841.39
654.97
1301.37
1677.02
1335.43
954.49
1712.57
1436.02
1887.04
1810.85
2274.65
998.67
1896.96
1248.58
1353.27
1798.85
2350.77
1757.54
1865.8
1155.32
2120.17
1889.24
1661.58
1814.63
1404.52
587.05
850.63
868.03
1552.03
2159.33
1793.81
1299.01
1260.09
1039.88
1366.26
1811.68
1852.88
1220.55
1720.88
1462.49
1309.44
2080.44
1471.17
1118.18
1768.62
1373.01
1644.41
1586.29
2160.98
1449.88
1660.64
2040.34
1476.64
1914.56
2045.84
2007.59
2127.16
1615.21
1233.16
1061.63
2210.49
1873.8
1960.99
1256.09
1682.11
1040.23
627.17
1360.07
1702.33
1145.03
1304.95
1422.92
1860.14
2123.74
1491.25
1769.92
2074.86
2205.19
1852.13
1499.32
1618.89
1919.94
1434.96
2172.43
1603.35
1152.79
1749.78
1969.79
1934.76
720.91
818.55
2112.4
1743
1762.48
2346.78
1534.3
2200.34
1576.25
2174.36
1342.37
1924.98
880.03
1713.26
1699.34
1658.09
1116.81
1499.47
1164.6
1946.2
1752.34
986.15
1503.81
2002.12
822.26
1405.81
1825.68
2045.98
1946.39
1391.69
867.33
1128.51
845.18
1371.47
1426.28
943.62
1711.9
1022.26
1251.65
1669.95
1532.62
985.31
2027.37
1328.21
1186.19
1487.57
672
1499.59
1161.74
1718.44
888.66
1538.71
933.47
2319.49
1466.31
1499.56
1759.5
1756.95
1079.64
2095.19
1924.12
1248.09
1135.57
1692.68
1714.97
1058.99
1786.06
1725.09
1919.84
1662.1
1414.54
1720.76
889.16
1409.46
1280.24
1546.95
1208.07
1571.6
1860.4
1116.07
1623.63
1390.9
1562.3
1616.71
1295.61
657.36
1269.24
2000.33
1866
964.44
2034.82
1354.16
1159.81
1513.01
1559.81
1485.05
499.05
1139.9
2043.09
1705.43
1116.99
1143.34
2012.27
1143.48
1670.93
1949.65
1638.99
1381.88
1038.26
1960.81
1715.77
1765.59
1844.09
1644.59
1476.17
1568.25
1773.09
885.2
1987.58
1530.29
1388.8
1440.11
2190.14
861.22
1676.04
1317.34
1951.55
1798.92
1499.8
1561.41
1321.34
2043.81
1745.14
1173.9
953.79
1230.21
1272.68
1451.25
1804.44
1868.01
1380.84
1179.52
1293.86
1163.27
1437.93
1224.06
1602.31
1901.25
1877.4
1146.26
1571
1515.94
352.24
2279.25
1362.26
1535.5
1746.37
1702.24
1905.12
1018.12
712.69
1371.38
820.63
1910.91
1717.05
1849.15
535.62
1442.54
1754.59
1504.05
1655.55
1480.5
1402.38
1911.54
1237.31
1649.35
1623.98
1473.88
2074.85
1952.77
703.94
1823.12
770.54
1707.62
1821.91
1844.77
964.7
1381.16
1416.13
1184.2
1855.09
1028.23
1634.48
1705.29
1830.47
2177.84
2013.12
1615.6
1392.92
1198.36
1729.04
1305.2
1523.85
1460.68
826.89
1052.07
1466.39
1009.76
2044.98
1235.54
1898.78
588.7
1832.16
1586.79
1906.94
1849.58
539.55
1005.24
1921.2
665.99
1280.06
1587.99
1327.13
1907.15
1303.26
2052.17
1280.51
1586.7
879.75
1572.15
1394.24
1317.56
1465.4
1541.31
1653.08
585.11
1120.09
850.7
1503.26
1552.04
862.77
1434.06
797.51
1174.92
1274.48
1674.03
1830.04
2152.36
1902.2
1361.85
2031.21
1901.73
1122.87
1317.92
848.34
1160.16
1619.34
1272.73
1816.61
1827.3
1619.64
681.61
1588.32
1321.36
1785.17
1727.54
2048.72
1221.64
1512.85
965.36
1485.24
1230.47
1068.91
1661.36
1335.3
1856.92
1930.42
1052.47
1210.46
1701
830.24
1776.68
1304.2
1006.42
1658.06
1421
1939.07
1178.46
492.73
1292.44
1478.52
2112.74
1732.17
1897.04
1275.2
1572.48
1663.01
1652.57
1344.81
1462.51
1942.31
1360.24
1811.41
1370.82
1815.15
2193.15
2218.68
1835.05
1181.9
901.38
1180.85
1346.18
1527.97
1139.58
1988.67
1462.5
882.02
1449.48
1631.34
1426.52
1300.88
999.93
1433.62
1284.18
825.13
1369.33
1030.4
1378.88
1267.04
1175.07
1629.88
1260.39
1416.56
1439.1
1116.11
1476.71
1865.56
832.71
1714.31
1074.79
649.96
1229.64
999.55
1378.21
1049.42
1825.49
1379.58
1505.95
1132.93
1914.78
1195.35
1622.61
1168.66
1579.24
2353.51
1941.12
1579.93
1301.69
668.45
1808.78
1333.04
1574.68
1191.08
1789.9
1742.22
1569.43
1423.18
1593.76
1058.85
2043.37
2040.9
2140.15
1211.78
1511.84
1616.81
1595.74
1465.27
818.42
1895.02
1493.46
1848.21
1384.34
1140.36
1832.08
1679.28
1350.82
2008.67
1508.51
1774.83
779.33
1402.9
2134.04
1547.92
1681.24
2095.33
1639.29
1354.09
2022.9
1362.43
1559.59
1382.9
1581.22
1635.56
1876.85
998.97
760.42
1714.75
1406.26
1432.7
418.3
1334.61
991.6
1066.3
1980.64
1013.02
1635.26
1880.04
1946.44
1315.94
2019.1
1536.04
1219.82
1479.77
1867.49
1445.81
1754.07
1763.33
1392.64
780.01
1506.18
1559.98
1174.78
1492.54
1858.96
1743.37
1148.89
1721.25
1348.14
1653.79
1849.45
1004.3
1988.8
1340.76
2073.52
915.72
1779.02
1407.09
2322.11
1254.09
1188.71
2042.84
1865.22
1436.44
879.06
1298.32
2029.72
1505.1
1834.34
1305.97
514.25
1707.84
1147.02
1240.08
1274.56
2073.89
1212.68
1401.69
1737.13
1317.94
765.69
1463.05
1296.13
1422.86
1594.86
1181.1
1038.26
1525.17
1341.37
1664.64
1597.84
2148.56
1373.39
1256.95
1028.37
1498.18
1904.36
1556.59
1471.92
1520.28
686.93
1719.68
1152.26
887.45
1318.87
1801.86
1789.29
1905.6
1296.41
1721.13
877.64
1572.73
2029.42
1011.08
2044.76
1377.66
1737.03
753.76
730.98
1494.13
1250.52
2108.3
1168.84
2223.94
1538.97
1442.01
1809.6
1189.79
1119.18
2152.37
1706.58
709.43
1215.27
803.69
1059.68
983.6
1391.54
1517.72
1464.64
1542.8
746.41
970.38
676.78
1552.84
1076.65
1638.89
1229.68
2274.51
1735.62
302.87
1568.91
1145.36
806.98
1309.05
1513.76
1132.56
1928.35
2037.8
1758.21
920.73
490.03
1334.46
1347.27
1451.99
1444.52
1138.32
1788.45
380.58
550.5
1977.56
1644.85
754.12
740.46
1060.52
1495.88
1440.6
1350.29
1945.46
515.15
1314.8
899.68
1408.57
1614.09
1851.22
1639.86
1706.13
1966.81
1415.54
2065.2
1325.52
1745.66
1075.16
1364.76
1595.26
951.98
1661.5
1732.72
1647.84
1775.99
1604.07
1905.25
1420.68
1206.09
1187.24
1269.58
1112.3
1843.63
1584.47
1423.63
1526
2300.3
1906.8
2046.56
496.12
1219.66
1175.24
2285.06
1486.95
1007.33
1517.76
998.93
1998.89
2001.21
1907.04
1663.87
1624.28
1172.33
2348.28
1737.94
613.61
1182.66
1079.32
1321.25
1479.36
1427.97
1354.49
1712.06
1420.32
1850.24
1548.43
930.83
1286.47
1631.04
916.54
1454.48
1638.08
1200.22
635.19
944.86
1252.91
1179.46
1543.04
1204.94
1812.37
1771.01
763.03
1741.14
1400.57
1461.67
1314.65
1181.95
1716.84
1491.43
2036.27
2239.89
1972.31
1386.34
1273.29
1362.31
1587.34
1378.71
1648.41
1843.62
770.98
1692.13
1878.95
1833.22
1698.96
1246.69
1297
1137.43
1079.82
1925.78
865.05
323.07
1052.37
697.91
1305.41
1127.67
1108.72
805
984.21
1510.19
1320.38
688.61
1456.26
1485.33
1029.84
1894.67
2021.39
1331.64
1728.62
442.64
1436.87
1413.34
971.71
1315.92
1471.38
1159.38
2024.12
1556.77
1625.27
806.59
2104.55
1137.34
1938.53
1162.02
1319.09
1299.83
1667.37
736.44
1278.2
596.96
1472.1
1831.1
2156.07
706
1927.44
812.65
1310.74
1238.82
1226.22
1957.46
1408.44
1469.47
1772.41
1103.36
714.68
1144.66
1911.92
1925.8
1258.6
1785.35
2246.72
1781.38
1106.51
1492.37
1690.5
922.73
1555.66
1295.53
1453.26
1514.29
1430.08
1694.4
1665.25
1429.78
1916.07
1858.66
1820.75
1400.24
1078.49
1680.03
2080.28
891.56
1842.43
1136.05
1115.76
1654.26
1635.7
1975.04
1252.87
1246.06
1423.45
1221.71
1881.72
1432.61
2252.23
601.14
1381.61
1366.77
1511.76
1390.34
1696.95
1954.17
1677.66
1132.72
1308.65
1962.21
1602.11
563.65
1862.67
832.3
874.17
1854.79
1202.96
1481.2
676.84
1891.5
1624.54
2118.93
2156.97
1338.9
1620.85
1577.82
2172.32
1682.05
1396.6
913.19
983.13
1583.05
901.6
1780.49
1535.51
1370.59
2106.47
1753.98
1726.77
1717.53
1082.44
2059.05
1712.27
2078.41
645.91
1194.17
999.62
1443.33
1826.46
1873.03
1657.31
1881.5
1708.11
1440.61
1571.62
1653.74
1632.03
1869.98
1149.98
1340.41
910.21
1852.81
1639.79
1804.16
750.1
1237
1051.52
1078.39
1137.25
1180.47
479.89
1308.99
1237.2
1641.28
1091.4
800.92
1088.18
1781.95
664.23
791.6
1765.47
1887.48
1489.76
1829.56
1778.55
1922.14
1604.92
1751.6
1595.65
1244.28
1866.77
1708.12
1185.12
818.64
1197.54
1272.83
1423.72
612.37
1579.14
1811.37
1765.56
1342.08
1359.57
1142.83
1883.93
2124.17
1342.68
1234.54
2044.57
1022.15
1162.74
1380.46
1620.37
972.88
1095.63
1881.01
1572.36
1913.89
1563.69
1670.57
1833.88
1604.13
2126.82
1691.83
1781.87
1745.14
1315.66
1965.48
1451.48
1535.89
1434.74
1442.52
1642.72
1387.78
1174.25
733.03
1829.66
1843.36
1051.79
1008.29
1203.96
1614.82
1377.09
684.58
667.94
1750.47
1924.58
1650.63
1439.78
2294.26
2038.18
1906.25
1320.41
1406.35
1101.71
1282.88
1258.87
1846.1
766.14
1435.8
900.05
1708.65
1965.27
1362.28
1685.46
1105.91
1513.2
1882.83
655.54
1258.54
1260.27
1612.64
1637.67
1677.82
788.8
1371.98
1593.73
182.16
821.73
1655.39
1700.76
984.73
1295.05
1788.38
751.69
762.69
1515.78
1898.8
1789.73
1855.79
2206.57
1304.28
1636.88
1426
1850.09
1817.42
1557.35
1731.47
2001.51
766.05
1759.54
1267.89
1625.87
1546.48
840.1
1414.5
1610.19
1456.45
869.22
1445.42
2064.92
1424.85
1077.74
1505.89
1381.84
1476.83
1944.03
1869.15
611.34
269.62
884.66
1625.81
1919.43
1909.59
1598.17
1449.9
2117.96
1971.6
1870.67
774.03
1880.82
1727.6
1527.7
1916.48
2031.35
1208.3
2062.76
1486.39
1182.44
1307.61
997.57
1502.25
1584.79
1724.63
1141.19
1582.78
433.4
1996.89
1448.49
1394.01
555.69
925.23
1971.57
1774.19
1952.81
1156.1
2126.06
1256.42
921.74
1831.43
1484.4
1064.3
795.1
1073.02
1829.4
1953.26
1271.45
620.29
1196.38
950.29
1017.38
1981.74
1227.38
1372.76
1316.73
1573.13
1549.61
1776.34
1023.82
1444.47
2068.16
1711.22
510.68
2195.06
1619.67
1892.86
2006.45
900.5
1037.93
685.84
1721.07
1906.56
938.81
1247.1
1932.3
591.75
1032.66
932.26
1641.86
1554.38
1879.96
1028.3
1292.83
1332.68
1484.47
1973.15
827.57
1980.6
1221.1
1496.06
710.31
1713.3
1643.74
1867.89
1933.24
868.33
1641.42
1072.82
2032.17
1515.44
1628.83
1843.76
794.46
1057.11
1071.53
989.31
1298.08
1318.7
1726.16
1418.08
1445.88
1425.86
1416.55
1375.54
1557.53
1871.39
1305.62
2008.26
1698.2
1892.2
1424.03
1130.83
1425.52
2130.07
1825.19
1001.71
1718.79
1660.36
1643.08
1613.19
1441.41
1821.86
1403.31
1458.79
1622.91
1977.65
1026.09
1465.22
965.04
1965.36
1820.38
542.54
1631.04
2124.41
2118.06
1363.42
1268.02
782.46
1102.16
1999.63
1277.94
1653.74
1266.27
934.96
1391.01
1778
1401.73
1878.4
1214.09
400.23
1056.2
1700.43
1933.76
1476.57
1629.84
2101.16
1215.88
1430.12
1735.89
1717.77
1294.61
1629.56
1357.56
1734.46
1217.59
1561.58
1485.58
1219.69
941.68
663.69
1661.82
1068.15
1685.69
946.33
1087.57
1474.51
1599.9
1190.07
1326.18
1992.88
859.51
2210.88
1061.08
824.41
1736.71
1058.33
1702.65
2177.83
1117.78
2030.79
1964.09
1925.32
907.19
555.11
977.14
1488.89
1818.17
777.78
1957.35
2054.67
1187.43
1812.02
943.07
687.96
1760.62
829.73
211.2
1139.33
1742.15
1735.68
1820.02
2163.19
1786.01
1817.96
1740.93
1437.01
1374.08
1853.58
1004.63
1536.95
1606.69
2030.05
1427.82
1863.07
1110.05
1679.09
1546.51
1268.06
1257.55
1017.3
2187.24
1166.12
1744.51
2278.22
780.4
1985.84
199.2
2166.24
1160.73
1946.85
1848.98
982.17
1951.43
2165.2
1586.86
1599.94
728.87
1494.3
1725.44
1508.41
1250.31
2055.45
987.36
1816.21
1588.98
1214.85
287.99
2071.93
534.65
351.79
1466.96
1094.67
1950.84
1550.13
1566.26
2068.62
1494.93
1503
1748.62
1213.68
1049.16
1836.86
1051.82
1545.37
1292.35
1321.96
1679.23
1784.35
1676.94
813.11
1453.8
1399.43
1968.42
988.02
719.88
1164.88
1191.47
1306.39
1080.44
1768.68
1381.5
1767.75
932.79
1857.93
814.7
2063.99
1955.63
1687.54
1106.61
1478.21
936.58
1965.62
1379.39
889.32
1828.28
902.89
1026.14
676.97
986.92
453.83
1899.77
2082.2
1651.01
1546.21
1191.82
685.69
1475.74
1853.64
1174.66
577.94
1534.87
1645.3
597.08
1247.37
835.72
942.68
1254.41
1830.86
1036.29
641.88
1170.58
2239.53
1521.01
2035.29
2124.02
1218.35
1692.92
2135.71
1259.04
1036.17
1140.17
1738.97
1321.89
1782.21
1106.35
1749.08
1777.4
1652.03
1004.78
2121.18
1750.85
1391.79
1911.94
1295.76
1147.66
1879.3
1442.13
1161.89
1570.48
1896.93
1419.22
628.13
1611.28
892.76
914.72
312.37
1592.26
2026.11
1737.8
1265.26
1364.73
1938.5
1845.12
1486.08
1083.94
1392.32
736.29
1893.67
1785.4
1208.38
1715.68
1159.86
1916.95
1863.28
1739.2
806.38
1016.35
1684
2186.11
1464.94
1220.61
1494.51
1176.83
1111.5
2190.92
1705.46
1922.6
1728.94
1013.51
1899.98
1281.35
1746.87
1214.57
1609.37
1018.23
1191.25
1449.7
1730.58
1524.55
1598.55
1659.75
1234.28
935.56
997.46
1884
1889.65
1622.26
1358.52
1250.38
1345.48
867.14
1805.51
938.34
1962.41
951.08
1542.43
731.4
1579.04
1028.52
774.94
347.89
1953.42
1977.4
736.79
1171
2152.1
1911.17
1204.38
2128.86
1586.98
1691.05
1507.11
1451.25
2124.92
1233.14
670.2
2049.16
1636.84
1651.79
1678.72
2320.92
1643.65
1594.96
1837.46
1384.5
1197.89
1339.78
1230.76
1585.36
1394.21
2306.59
1699
1707.11
1767.75
1773.37
1219.4
2172.24
1150.91
1381.65
1389.23
1596.32
2012.77
730.89
1370.93
1282.9
2374.24
1867.78
1033.73
1929.09
1901.12
1843.31
1608.98
1083.02
1044.33
1817.06
522.84
2285.32
2142.54
2239.16
1911.91
1582.78
1590.79
1501.48
2088.99
368.3
1775.94
1203.13
1194.27
2143.91
1523.09
1183.74
1693.33
1767.97
1575.97
1472.23
1653.61
1523.18
1748.67
885.41
1415.97
1124.44
1128.1
681.77
768.51
747.62
1576.37
718.05
1460.69
926.08
1619.01
1901.53
1976.77
1736.65
2081.88
1505.19
1287.87
1735.28
2064
1054.26
663.83
1232.97
1528
1872.38
1698.78
1900.73
773.09
636.93
1958.14
984.02
1845.37
1022.39
2207.22
1308.42
1710.6
1228.24
1199.92
1245.81
1572.78
2228.18
1324.63
1956.42
1477.97
1485.43
1615.78
1753.67
2217.54
1647.01
1627.74
1218.23
2182.65
1057.49
817.9
1480.74
1201.92
1574.19
1063.72
1306.83
1381.95
1865.72
1693.26
1558.81
1364.89
1350.64
1693.33
600.12
1674.72
1554.11
2235.01
2144.18
727.07
680.14
1602.43
2159.32
964.97
2087.74
768.49
1168.36
1328.95
838.61
2129.83
1461.81
1002.77
1857.11
1810.54
1481.38
1036.66
843.22
1563.05
1669.32
2165.69
1660.86
1796.36
1756.31
1122.69
2050.29
1875.12
1527.68
2015.68
476.79
1919.65
1325.86
1926.18
566.92
769.61
2043.7
1977.04
1493.27
1007.92
1491.34
2142.96
1941.9
1325.22
1672.49
1669.68
1153.19
1729.51
1640.17
1464.46
1226.28
1242.33
814.57
1833.72
1971.27
1496.21
1952.06
2179.95
2225.35
1496.24
1654.64
898.43
1038.32
1496.39
778.97
1460.38
1380.11
1973.81
995.57
1774.5
1688.04
1822.07
1674.88
1455.41
1791.73
560.54
869.85
676.83
1487.53
957.04
1922
1780.03
2003.2
1626.83
1338.81
1224.47
439.63
975.69
1860.32
1607.33
1699.63
910.45
929.02
1495.2
1251.45
1654.3
1219.62
904.21
1458.07
1343.62
1857.35
941.71
1275.6
503.82
823.95
1746.11
1478.14
1868.62
1461.9
1814.44
1652.04
1817.82
2203.57
1211.66
1938.02
1626.14
1749.71
1018.96
1440.87
1728.94
328.64
2086.83
2045.62
1272.63
1472.97
1155.31
1669.36
1167.93
1531.18
1553.91
1494.7
799.94
1958.06
1673.17
1837.22
821.53
1288.48
1951.14
617.13
1808.92
1887.18
1060.71
1258.76
1899.88
1659.97
965.87
1823.58
1163.29
1082.31
1343.63
1991.99
1125.01
1217.98
2262.72
1520.73
1130.05
1907.42
1772.35
1344.43
951.54
1499.63
1056.22
789.74
1414.3
1374.27
542.7
1753.31
507.83
1569.48
1296.95
1823.33
1835.96
1800.76
1454.48
1490.49
549.7
946.78
1391.83
2051.78
1172.11
1604.56
1835.99
1698.72
1322.2
1602.63
1267.62
1649.87
452.86
2161.05
1301.96
975.62
790.37
726.72
2138.53
1306.77
1336.71
2036.86
2028.68
1265.59
1827.39
1689.6
991.15
1753.57
1697
1766.72
1698.55
1651.88
2054.92
1493.93
1727.62
1015.72
1124.15
1896.19
1918.19
1555.54
979.24
1934.29
1460.76
1437.78
1711.04
1507.59
1547.44
1151.05
1499.21
1302.52
2307.84
1258.9
1769.36
1723.84
1488.05
2033.55
1256.1
1460.24
1429.76
1710.6
1553.11
988.45
1144.33
1716.86
1338.01
2014.07
1568.28
1194.09
940.27
1109.18
1133.12
2247.26
1505.64
1130.62
2142.41
1550
1853.96
2344.24
1959.26
1783.2
1600.53
1616.79
1186.99
646.24
1714.93
2068.86
1760.45
1473.52
2146.85
1638.54
2014.9
1241.86
1168.13
1224.49
1861.64
1674.61
1655.68
1198.38
1756.74
1617.75
1026.42
2184.84
1418.17
2165.03
2068.5
1149.04
833.34
1584.95
1865
1773.43
1739.94
1043.16
2164.24
1800.65
2048.94
1545.23
1670
2208.33
529.8
737.2
1471.94
1000.91
1532.85
1308.47
1988.41
974.35
1218.18
1478.95
1094.63
1804.96
1759.68
1272.92
1139.54
1647.63
1709.68
1467.64
1160.42
2161.37
1601.72
1456.95
1291.5
1370.7
1878.24
1429.09
1319.15
515.44
955.15
1490.51
997.03
1456.1
1671.2
1546.6
2121.88
2051.42
1924.5
1586.63
1868.96
1429.57
1957.18
1589.61
1728.48
2121.26
2306.76
1531.06
1923.54
1506.68
1730.99
1874.17
1295.87
1205.8
2015.87
1708.11
1544.91
979.62
1621.19
2249.96
1593.32
1890.86
1606.41
2102.84
901.71
1660.63
630.92
1205.65
1809.33
847.14
1536.77
1803.41
1984.25
2017.05
1701.25
1257.72
1068.22
1431.79
2331.01
1882.77
1603.01
1909.13
1273.33
1162.18
1633.56
1258.88
1495.09
1292.36
1558.47
2096.87
2014.34
1955.67
1509.69
960.94
2116.14
1194.98
1712.57
1242.34
1728.76
1028.21
1041.13
1226.78
1698.83
1375.25
1771.82
1062.16
1696.93
1850.13
1534.46
2242.48
1808.73
496.04
1324.95
1019.51
1464.68
1960.58
967.38
1788.38
1883.55
1052.59
1306.24
2156.8
2046.32
1475.37
1622.96
519.38
895.18
1161.34
1765.94
1578.94
1620.13
1703.14
1714.2
1343.64
1754.19
688.66
1636.18
1820.11
2080.19
1947.05
2008.01
1493.55
1086.07
957.88
1564.82
893.76
1345.27
1473.17
1836.21
905.96
1824.92
2037.15
987.06
1878.4
943.1
1268.69
1852.06
1317.3
1991.69
1844.97
1807.46
1202.31
1580.31
1211.22
1346.61
1590.27
1306.62
1816.56
1583.72
1164.28
987.04
1468.69
969.66
1844.84
1208.59
1174.77
1514.81
1521.66
900.89
1212.02
1505.65
1004.9
707.28
817.9
428.63
1280.61
2000.76
696.12
1790.76
1711.94
1647.45
1669.3
1808.01
1919.13
964.27
1392.11
2054
1478.21
1804.52
1279.03
1565.99
1835.35
1262.19
1181.54
1114.95
1725.76
1725.48
1555.95
1191.33
1872.86
881.08
932.85
1155.37
1695.08
1098.1
1223
999.61
1032.62
1400.65
947.75
989.52
375.5
1443.36
1214.78
940.62
2073.65
972.27
1956.02
1263.57
1810.07
2015.72
1577.03
1092.24
1881.67
1580.63
1830.37
830.64
1288.27
1040.06
1726.77
690.32
1301.44
1470.87
1511.3
2041.3
1195.53
1080.74
1734.57
1583.28
2394.64
1854.91
1483.16
1935.92
1593.93
828.26
1737.46
1106.32
2006.19
904.11
355.17
905.17
1175.84
1690.2
1953.71
1060.55
1378.9
1530.61
987.39
1392.25
1770.22
1607.27
1698.18
2262.7
830.64
1577.45
911.73
2059.99
1218.95
1297.9
1012.38
1944.55
1292.56
1214.44
2179.64
1626.31
1253.75
1910.17
1642.58
1575.82
2276.01
1631.51
1224.86
1599.87
1446.11
1580.82
1329.02
1674.04
1182.65
1583.8
1546.99
1906.82
1959.55
2195.03
2139.81
839.26
1392.5
1503.53
1437.94
676.35
900.25
1094.25
2066.32
1271.5
1466.08
2051.74
922.51
1551.93
1761.09
1870.45
646.25
1010.14
1845.34
1714.77
736.27
1036.46
2137.58
1886.26
1714.69
1875.45
1254.63
698.71
2038.08
1405.78
1271.04
2076.45
1344.22
2036.92
1071.6
1866.65
1835.06
1838.05
1789.33
994.83
1556.08
1211.15
1828.35
2035.82
1328.45
1686.6
1454.3
1598.6
953.4
779.36
1161.63
1548.73
1993.56
1070.23
2048.85
1375.08
1389.3
1450.03
1462.84
1299.4
1072.68
2071.94
2217.02
1200.83
976.3
1085.73
1388.42
2312.53
854.33
1868.97
1479.12
2109.34
1519.97
2030.4
856.06
1601.45
1335.81
1274.56
1456.75
962.12
968.2
1742.36
1248.41
1988.82
1484.49
1654.18
1634.35
1413.79
1524.24
1302.94
2255.53
1595.97
1520.35
1260.28
1078.33
2003.83
1716.8
1494.56
779.45
1277.76
2082.2
1645.81
1818.12
2166.41
983.55
1437.99
1891.38
1616.99
1185.94
1962.38
796.58
1745.02
1622.97
1586.3
1343.14
812.24
1082.5
1709.78
823.44
1707.48
1701.86
1516.95
1685.75
1218.81
2261.63
1746.87
1613.92
1780.95
421.59
1212.77
1195.57
1669.97
1786.39
588.75
1218.94
1313.43
1505.82
2081.44
1256.48
2069.79
1962.01
1211.29
1734.73
2026.49
1488.71
1666.75
1380.81
1241.96
2253.76
1488.89
1304.83
1444.59
1830.47
1354.68
884.2
1481.93
1961.92
1100.83
1379.3
1611.17
1599.95
1450.25
990.88
841.3
1824.03
1879.56
1496.11
1314.53
2213.02
1652.04
2017.53
779.79
1515.24
850.88
1214.22
1458.83
1058.64
938.32
1325.27
742.15
1985.92
1318.49
1247.5
1852.07
1266.82
1620.41
1361.38
1265.09
1458.49
1592.83
1489.08
1628.21
986.16
800.7
1163.65
611.22
2274.07
1793.37
1159.14
1486.18
401.51
1235.66
1377.49
1362.49
1328.44
2089.02
1166.85
1329.72
1486.68
2036.5
1750.38
1437.45
1726.21
1149.59
2005.11
1701.02
1454.4
1684.67
1718.48
759.5
1643.79
1287.39
1064.84
2255.97
1779.85
2026.16
1404.98
1608.91
945.58
983.18
1940.69
1481.58
1632.02
604.73
1239.73
1829.97
1022.87
1725.44
1802.46
1871.31
288.6
1581.36
2334.13
2104.43
963.43
1389.94
1620.93
1926.43
1927.84
2089.21
1459.29
1510.67
749.05
1517.97
1162.29
945.04
1484.04
258.29
1794.35
848.16
909.9
1773.56
1259.15
1874.04
1388.57
1925.12
2018.67
911.56
2012.11
1711.26
1916.74
731.31
785.61
1705.85
1873.13
1744.76
691.83
1952.04
2031.8
1056.13
1119.13
860.37
1782.75
2038.96
1727.04
2161.84
1871.21
1529.94
667.28
1060.9
1677.56
2266.15
1710.62
1869.72
839.68
1751.84
1382.44
2191.18
1262.97
1281.6
1859.26
1869.25
837.06
1837.77
1560.54
1538.84
1643.37
1204.79
1307.6
1431.88
2173.81
835.96
1162.31
2105.28
1711.88
751.61
1549.97
1485.29
1599.25
1754.78
2140.54
1474.71
853.56
1704.65
1532.4
1843.91
1007.44
1420.9
1220.44
1385.59
1297.54
1443.91
2055.31
1712.28
973.96
1776.67
1662.49
1159.61
1341.26
2144.78
1907.61
1709.82
1610.19
1672.5
2105.27
1708.49
2051.71
1994.16
1361.76
1660.43
1584.21
1207.61
1925.75
1923.74
2089.31
1510.3
1737.16
1754.51
683.79
1553.37
814.93
1783.89
1794.8
1735.55
1373.66
711.1
1312.28
1514.14
1527.3
1487.2
2049.23
1969.57
1176.45
1854.22
692.01
1690.81
1167.46
1523.52
1270.11
1006.5
1810.57
1603.53
1370.08
661.95
1448.35
1355.93
1422.15
1806.98
2010.54
1423.1
1746.93
1746.55
1551.83
1578.82
1261.96
1285.6
1392.5
1958.23
835.82
1047.53
1612.22
713.28
1926.09
1535.73
1458.49
1248.9
1946.39
1475.74
2200.13
2066.72
990.82
1845.21
1067.97
803.2
1503.55
972.9
1886.76
2103.07
1582.57
1413.92
1826.52
434.15
1890.9
1233.28
1451.71
1790.58
1155.05
1058.1
1904.99
992.54
1417.76
1734.33
813.07
1578.49
777.01
702.07
1575.29
1446.6
1317.71
1829.12
1524.04
1204.38
1943.65
1637.05
1634.41
1751.17
1385.17
1483.9
843.19
1840.1
2046.52
809.56
873.62
1060.58
1793
2226.09
1120.16
2067.28
1494.11
1225.55
2099.14
1191.97
2117.94
1045.39
1398.92
1612.87
1030.12
1759.29
1244.28
1139.11
2007.18
1434.87
1210.37
1748.76
2120.88
1739.41
1406.97
1170.74
988.29
1186.43
1581.04
1277.95
2114.14
1614.69
1257.71
1273.98
854.81
2043.25
1415.31
1143.69
1457.59
2240.39
2345.32
912.38
1700.42
1622.27
872.46
476.49
1635.8
1243.48
1269.73
1170.74
886.11
1823.69
1821.77
1522.7
1979.67
1600.05
1325.36
1102.35
1659.66
1038.29
1136.11
1612.3
1022.64
1009.99
743.26
1307.66
2045.73
2171.04
1883.27
2113.07
1203.42
1708.34
1547.31
1049.12
1248.92
1839.07
1021.98
1818.98
1576.46
2056.25
1503.22
1339.59
1365.13
1909.1
1017.27
981.55
1408.16
1684.9
1006.85
1173.34
1167.41
1419.15
1533.04
1387.99
1414.38
2106.76
1393.93
1816.32
339.56
435.05
1754.39
1770.27
961.73
1980.51
964.74
1358.27
761.68
1698.39
1226.17
2229.33
860.34
1481.9
1376.16
728.05
2010.24
1145.9
616.18
1382.97
1688.83
1745
1192.86
1969.01
1318.53
622.22
2046.88
2175.21
1464.26
1666.09
1249.68
2258.67
1122.25
1896.2
1142.67
1251.49
1066.43
1210.57
1702.52
1490.38
1218.09
1513.08
660.3
837.12
1510.45
1328.29
1814.09
1997.33
1675.31
853.33
1388.28
1110.62
1040.39
1601.34
863.14
1400.96
1591.86
1398.1
1361.91
1866.67
840.26
986.18
1960.33
1387.63
1760.75
976.68
904.11
2005.32
1313.74
1541.12
1802.64
1746.79
1154.84
292.78
2133.4
1502.5
1617.79
1256.91
1543.18
1331.47
2189.64
1860.85
1952.97
1613.41
1803.53
853.18
1989.78
1647.72
1544.86
1749.76
2083.39
1703.17
1307.27
1995.02
1887.01
929.27
1862.73
1300.42
923.4
874.49
1570.19
2142.63
1182.76
644.28
1678.4
868.24
1772.59
1574.14
1166.31
1526.07
1681.79
1595.35
1077.92
2013.37
1461.56
1204.68
1083.8
1557.23
1571.51
1495.27
974.34
1175.21
1084.15
2015.82
1127.61
1557.72
1297.48
2276.51
1671.65
1329.62
2104.69
1314.78
1963.45
1650.6
1231.08
1530.85
1799.74
1379.86
756.77
1717.88
1274.17
901.01
2164.97
1230.78
1959.17
1015.16
1647.39
1075.9
2201.65
1558.19
2239.34
1637.11
1600.42
1707.05
836.14
1605.71
886.36
1405.69
1173.5
1276.88
991.23
1804.64
1881.41
1556.29
1187.55
1068.79
1603.44
2206.18
1820.18
758.33
1032.46
956.55
1619.25
1411.49
1696.11
1641.67
1440.76
379.73
1557.34
1906.74
1270.63
1636.58
950.89
1841.48
1554.84
1314.35
688.41
2327.49
1239.86
1773.58
1835.87
1425.76
2028.41
1288.49
1518.24
2060.01
451.87
1231.42
398.98
1670.07
902.88
974.91
1962.25
1606.55
976.4
1351.15
1479.35
2032.19
2028.25
401.91
1740.67
1097.54
2277.77
1203.74
1980.78
1642.82
2138.8
1558.23
1741.55
1243.04
1494.72
738.41
1801.49
1535.77
1081.5
1130.58
1639.22
1518.2
1813.33
303.93
1894.35
1844.77
1332.19
1189.26
783.18
1557.83
1294.84
1270.58
1325.34
1096.74
1489.46
1364.45
897.61
1679.9
1535.54
1324.78
1478.96
1264.42
1800.11
1908.33
1139.09
1256.91
785.49
1705.64
969.52
792.99
1385.89
1071.5
1890.75
1521.18
966.37
1710.87
1182.41
2124.06
1192.72
1212.2
1256.51
766.69
1391.71
1447.79
1346.17
2169.09
1069.89
1258.62
1334.48
1710.22
703.67
1517.66
1496.47
1105.42
1968.47
2241.24
1000.08
1349.84
1229.47
1840.68
1730.84
1330.27
1229.64
707.28
1945.18
1425.14
1616
1387.83
1056.63
2193.31
1478.13
1577.8
1116.36
1686.64
1592.21
1425.94
1184.32
1026.22
1383.83
1269.46
1559.73
1347.85
839.62
1424.72
1087.12
1356.71
1250.87
1638.59
2000.76
1816.62
1122.41
2041.67
1129.18
1651.92
1174.82
1739.56
1394.14
1300.95
1670.4
1566.8
1575.5
847.07
1116.17
1835.04
1889.74
1710.36
1536.96
2132.53
1726.06
1602
1702.61
1526.09
1706.9
1797.58
1679.3
1296.93
1462.63
1582.14
1218.51
785.27
1038.84
1938.94
1125.31
1733.65
1899.31
2051.15
1510.72
1013.75
1671.38
2272.47
334.18
1502.63
1300.29
1699.29
1579.47
1132.98
1344.32
878.65
657.83
1221.02
1622.26
2189.22
1585.29
2027.7
1439.01
1744.89
1772.57
1880.57
1037.66
1880.92
592.7
1027.56
1261.52
1379.31
1009.3
1773.24
1230.51
1700.51
1637.62
1732.68
1403.11
1428.7
1807.04
1145.93
1676.54
1976.24
1817.15
855.66
1115.06
1838.69
1199.26
1291.11
773.21
931.17
1355.46
1872.58
1076.32
879.05
1130.92
1865.76
1425.13
1313.9
1024.36
1957.99
1427.76
1756
1895.62
1525
1171.47
693.21
1492.65
1015.47
835.71
1606.46
2259.67
1247.19
2246.43
1201.21
1400.4
1096.9
1098.01
1128.43
1133.03
1502.06
1631.02
964.81
1409.29
2202.47
1315.52
1162.41
1994.74
1715.96
2183.65
1360.94
998.97
1393.05
1539.49
1268.78
1205.88
1594.7
1065.1
582.31
1888.55
1690.08
882.67
1069.01
1276.16
1052.44
1643.48
1460.54
1111.84
1356.49
1893.89
1630.39
1763.29
1808.69
1351.6
1351.26
1675.95
1995.47
1867.23
1592.07
1832.97
1628.74
1907.81
1313.44
1577.75
1220.79
1148.64
1923.31
1394.21
1166.13
1622.56
827.09
1549.09
1173.94
1145.07
1070.82
2107.79
1520.64
1480.7
1754.95
1385.64
1526.73
919.85
1326.93
1143.67
1438.11
1788.37
1105.57
1188.35
1446.2
856.43
1342.24
1152.21
1601.52
1911.82
1175.64
1330.09
773.63
1743.22
594.23
1175.46
985.13
1362.21
1717.4
1686.71
1934.75
1333.21
1979.05
868.55
1063.42
2166.28
1567.86
1347.89
1303.02
1595.58
1136.09
2093.08
1621.55
1023.85
1656.62
2326.05
1959.76
1613.8
1448.24
904.15
1553.61
1218
1445.78
1477.98
975.07
661.51
2152.93
1533.43
891.3
1457.95
1703.72
1115.53
1678.34
1969.88
1040.76
833.76
1448.09
1516.39
755.28
665.57
568.22
1768.42
1899.22
1327.31
1960.26
1210.88
1906.11
1615.73
1244.1
1642.98
2175.7
1691.81
1405.37
1603.78
979.25
859.97
1608.51
1658.13
1639.57
1770.58
1072.9
1727.58
1882.1
1665.22
2180.69
1706.76
1806.65
1406.74
2206.11
2023.98
1127.56
955.79
712.36
1942.12
1108.25
1579.21
1977.05
1643.39
1157.27
1370.67
1386.64
1383.06
850.69
1256.83
1749.49
887.91
1817.45
1145.15
1774.83
1455.34
1047.82
994.48
1607.21
1511.58
1569.72
1677.7
1211.54
1692
1424.35
1378.9
1447.41
1990.63
1079.18
2067.89
1724.52
1831.96
638.65
698.42
2158.5
1138.22
868.37
1583.77
1226.86
1714.4
1791.46
1380.46
1697.41
1655.78
1579.11
2102.21
1869.19
1436.4
1382.56
1457.51
1610.24
1106.36
1168.6
1549.6
1230.26
1110.44
1562.2
1780.37
1158.57
1728.81
1960.24
623.04
803.28
1863.92
1462.66
1360.5
1883.35
1641.13
1212.45
943.96
1863.68
1327.2
1056.58
1964.66
1437.31
1954.54
1447.97
1713.96
1194.3
1456
1765.87
1978.88
1906.82
1061.77
699.45
1201.76
1703.59
939.96
924.84
1885.58
1078.73
2044.12
1369.16
1825.16
2168.7
1660.45
1181.49
1513.53
1793.63
1197.23
905.97
743.28
1217.29
1860.68
1720.15
817.77
1454.49
1422.64
1776.94
1520.84
2015.75
2248.7
1875.52
1453.12
2196.81
968.95
972.86
616
1837.81
1493.22
1320.68
1556.79
1476.53
1973.75
1859.04
1868.36
1388.96
1447.92
1507.93
1708.27
1837.85
2129.76
1305
991.47
1569.21
1476.65
1206.46
1417.57
1532.21
1957.89
1244.49
1219.87
1424.85
557.96
1523.99
1651.67
1547.45
1278.73
1117.7
1317.14
1561.46
1187.96
592.49
1611.8
1021.63
1819.99
1112.64
1902
1044.38
1569.41
2126.78
1816.86
1556.86
1991.61
1204.17
1581.68
557.99
1188.16
2256.36
1019.81
1363.67
1365.92
1724.89
394.4
1565.06
1538.68
1204.43
2235.2
2124.18
486.71
1654.02
444.2
1557.01
1390.97
1782.96
1349.84
1982.89
1928.26
558.37
288.15
1370.75
1183.94
1300.79
1474.36
993.15
1663.19
967.78
1841.23
1505.71
1001.43
825.23
1111.69
1687.85
1731.44
827.02
1639.7
1720.65
1324.52
738.74
896.51
1526.71
1335.68
1189.96
1328.47
1006.82
1673.08
720.06
1327.78
1799.92
1806.62
1785.78
1726.28
1309.21
892.97
2003.15
791.18
1534.54
1347.31
1528.86
1260.67
1171.49
1481.98
1598.09
1497.65
1400.09
1948.3
2119.36
1839.32
891.15
1893.66
1217.57
1375.93
2102.37
1679.48
1819.73
923.6
1143.92
1399.8
1719.14
1372.5
1836.17
1902.68
841.01
1537.71
1723.14
1965.37
964.34
1063.63
955.67
1329.43
2240.42
997.64
1934.46
1516.9
1160.65
643.26
1810.5
999.55
1622.51
708.04
1059.39
1277.39
1209.12
1658.28
1967.63
1007.06
1633.68
892.46
682.1
1575.57
1251.43
859.9
1527.7
1939.2
1171.82
1593.76
1343.87
1148.94
1530.73
1503.18
1308.79
1298.11
1314.57
514.63
714.16
1696.75
1222.37
1115.88
1057.77
1460.28
1034.23
1039.46
1764.52
857.65
1198.25
1310.4
1608.09
1545.9
1162.15
1643.98
1728.93
1802.73
1362.25
2144.38
1305.82
1654.54
2195.95
1080.11
1719.83
1356.88
1725.02
1396.49
1136.98
1769.75
1246.78
2039.91
2052.73
2020.27
1876.83
1778.63
1387.25
1728.96
1804.44
1409.97
1480.13
986.2
1666.08
2366.12
1775.9
1984.27
1234.86
817.39
1451.04
1622.84
1629.48
1890.34
640.52
1340.68
679.99
1435.39
1857.99
1384.58
1663.29
1197.12
905.72
1706.33
1342.53
1503.92
1445.41
1238.46
2227.96
1653.18
684.48
1262.6
1825.13
1134.27
1534.88
1586.15
1664.97
1270.4
713.57
675.82
2033.06
1104.47
1884.63
2070.18
1681.98
1588.15
2024.45
1059.68
1236.82
1477.63
1213.2
1384.55
799.3
1849.4
1834.19
1361.6
483.92
1141.23
1421.5
1529.27
1327.9
1856.24
961.41
725.62
1218.67
1161.43
1948.03
1513.96
993.38
1962.65
1712.68
1796.42
1355.39
986.64
737.37
1468.61
1596.18
1925.59
412.25
1880.57
1760.79
1920.52
1556.4
1865.32
1142.49
692.5
1921.7
1682.26
1648.78
1575.41
1084.66
1386.24
1307.12
716.85
1961.45
1189.42
1237.16
1455.16
1185.05
963.9
1729.08
2344.96
1495.5
688.51
1314.17
1055.9
1587.95
1546.79
1303.24
1851.9
1364.6
1568.68
2042.25
1721.91
1247.18
1515.19
2188.6
1198.57
1573.66
1508.77
1158.23
1207.43
1482.06
945.79
1723.97
843.06
1365.15
1155.53
1201.05
1458.99
875.45
1361.86
2178.87
889.21
2064.48
1269.66
1345.98
1086.52
1573.89
2185.96
1393.07
1474.91
1171.04
1166.06
893.79
1922.44
1321.84
2041.01
1655.02
1804.99
952.62
1439.31
1565.97
1895.6
1123.13
1448.2
1602.36
789.85
1848.82
1797.97
1831.21
1643.1
1701.07
1228.42
1892.19
478.95
1290.31
991.43
1354.55
887.26
1973.24
1290.4
1450.69
1157.72
1753.81
1086.95
137.15
961.81
1369.42
2019.62
2175.58
2004.86
1662.62
1847.43
1101.13
1576.01
1014.65
1420.43
1593.24
904.95
974.12
1711.85
1335.3
796.77
1342.83
1823.14
1503.4
1675.24
1948.16
1457.7
2153.66
1852.26
1491.5
1958.61
1460.26
1274.43
713.67
1135.3
678.66
1873.68
1764.19
1666
1461.41
1429.56
1220.22
1214.91
804.22
1735.89
1794.01
1461.56
2041.26
1572.01
1248.33
1710.16
1020.7
1274.67
889.03
1713.53
1337.32
1174.7
1059.57
1835.6
1822.74
1583.27
1526.06
895.18
1903.36
991.31
1269.13
1511.09
1254.94
1426.86
1437.04
1320.22
1140.73
1109.98
2223.2
1709.93
950.01
1900.91
1330.61
1705.16
747.26
1822.97
1635.99
643.64
1184.63
1454.63
327.91
1468.15
1396.33
1333.85
1691.62
1446.51
1334.08
1775.06
2029.45
684.07
1699.06
793.19
1631.38
1413.93
1286.21
2151.33
1803.69
1731.01
1468.43
1510.97
2167.45
1256.72
1838.68
1305.98
1444.3
1302.24
1895.4
433.27
941.82
1101.35
1080.63
1994.3
751.85
1293.9
2100.23
1425.75
1423.06
499.04
1300.52
1251.49
1079.49
1014.62
832.93
1569.01
1551.52
2264.92
1429.65
1979.28
938.17
1600.28
1778.04
1768.54
1547.27
2034.43
1124.11
1434.71
1349.39
1185.12
2364.2
1747.68
1681.56
1093.97
1685.58
915.7
1338.01
974.66
1758.9
1475.86
1386.93
1491.03
1759.84
2186.07
1703.72
353.97
1592.86
1847.18
1328.17
983.32
1485.89
1603.25
1525.06
1026.3
2231.35
1564.93
1461.56
1660.43
2072.72
1579.63
1256.82
1674
1601.32
1222.8
458.96
1705.67
1774.52
1301.19
1355.95
2012.13
790.11
573.13
727.62
2032.77
1129.84
